% Modellstadt SS 2023
% List of nodes n <x-Position> <y-Position> <Node-Id>

n 50 60 1
n 150 50 2
n 225 50 3
n 325 50 4
n 350 150 5
n 350 250 6
n 350 350 7
n 350 450 8
n 350 500 9
n 350 550 10
n 350 600 11
n 350 650 12
n 350 750 13
n 250 750 14
n 150 750 15
n 50 750 16
n 50 650 17
n 50 550 18
n 50 450 19
n 50 350 20
n 50 250 21
n 50 150 22
n 450 30 23
n 550 30 24
n 650 30 25
n 750 100 26
n 750 200 27
n 650 250 28
n 550 250 29
n 450 250 30
n 250 450 31
n 150 450 32
n 250 250 33
n 150 250 34

% List of edges e <start-Node-Id> <end-Node-Id> <Edge-Id> <Cost value>

e 1 2 1 100
e 2 3 2 100
e 3 4 3 100
e 4 5 4 100
e 5 6 5 100
e 6 7 6 100
e 7 8 7 100
e 8 9 8 100
e 9 10 9 100
e 10 11 10 100
e 11 12 11 100
e 12 13 12 100
e 13 14 13 100
e 14 15 14 100
e 15 16 15 100
e 16 17 16 100
e 17 18 17 100
e 18 19 18 100
e 19 20 19 100
e 20 21 20 100
e 21 22 21 100
e 22 1 22 100
e 4 23 23 100
e 23 24 24 100
e 24 25 25 100
e 25 26 26 100
e 26 27 27 100
e 27 28 28 100
e 28 29 29 100
e 29 30 30 100
e 30 6 31 100
e 8 31 32 100
e 31 32 33 100
e 32 19 34 100
e 6 33 35 100
e 33 34 36 100
e 34 21 37 100
e 3 5 38 50
e 30 7 39 50
e 12 14 40 50
e 15 17 41 50
e 19 32 42 100
e 32 31 43 100
e 31 8 44 100
e 21 34 45 100
e 34 33 46 100
e 33 6 47 100
e 33 7 48 50
e 31 9 49 50
e 18 32 50 50
e 20 34 51 50